O_long =[ 0
         0
         0
         0
         0
         0
         0
         0
         0
         0
         0
         0
         0
         0
         0
         0
         0
         0
         0
         0
         0
         0
         0
         0
         0
         0
         0
         0
         0
         0
         0
         0
         0
         0
         0
         0
         0
         0
         0
         0
         0
         0
         0
         0
         0
         0
         0
         0
         0
         0
         0
         0
         0
         0
         0
         0
         0
         0
         0
         0
         0
         0
         0
         0
         0
         0
         0
         0
         0
         0
         0
         0
         0
         0
         0
         0
         0
         0
         0
         0
         0
         0
         0
         0
         0
         0
         0
         0
         0
         0
         0
         0
         0
         0
         0
         0
         0
         0
         0
         0
         0
         0
         0
         0
         0
         0
         0
         0
         0
         0
         0
         0
         0
         0
         0
         0
         0
         0
         0
         0
         0
         0
         0
         0
         0
         0
         0
         0
         0
         0
         0
         0
         0
         0
         0
         0
         0
         0
         0
         0
         0
         0
         0
         0
         0
         0
         0
         0
         0
         0
         0
         0
         0
         0
         0
         0
         0
         0
         0
         0
         0
         0
         0
         0
         0
         0
         0
         0
         0
         0
         0
         0
         0
         0
         0
         0
         0
         0
         0
         0
         0
         0
         0
         0
         0
         0
         0
         0
         0
         0
         0
         0
         0
         0
         0
         0
         0
         0
         0
         0
         0
         0
         0
         0
         0
         0
         0
         0
         0
         0
         0
         0
         0
         0
         0
         0
         0
         0
         0
         0
         0
         0
         0
         0
         0
         0
         0
         0
         0
         0
         0
         0
         0
         0
         0
         0
         0
         0
         0
         0
         0
         0
         0
         0
         0
         0
         0
         0
         0
         0
         0
         0
         0
         0
         0
         0
         0
         0
         0
         0
         0
         0
         0
         0
         0
         0
         0
         0
         0
         0
         0
         0
         0
         0
         0
         0
         0
    0.2933
    1.1467
    2.5200
    4.3733
    6.6667
    9.3600
   12.4133
   15.7867
   19.4400
   23.3333
   27.4267
   31.6800
   36.0533
   40.5067
   45.0000
   49.4933
   53.9467
   58.3200
   62.5733
   66.6667
   70.5600
   74.2133
   77.5867
   80.6400
   83.3333
   85.6267
   87.4800
   88.8533
   89.7067
   90.0000
   90.0000
   90.0000
   90.0000
   90.0000
   90.0000
   90.0000
   90.0000
   90.0000
   90.0000
   90.0000
   90.0000
   90.0000
   90.0000
   90.0000
   90.0000
   90.0000
   90.0000
   90.0000
   90.0000
   90.0000
   90.0000
   90.0000
   90.0000
   90.0000
   90.0000
   90.0000
   89.7067
   88.8533
   87.4800
   85.6267
   83.3333
   80.6400
   77.5867
   74.2133
   70.5600
   66.6667
   62.5733
   58.3200
   53.9467
   49.4933
   45.0000
   40.5067
   36.0533
   31.6800
   27.4267
   23.3333
   19.4400
   15.7867
   12.4133
    9.3600
    6.6667
    4.3733
    2.5200
    1.1467
    0.2933
         0
         0
         0
         0
         0
         0
         0
    0.2933
    1.1467
    2.5200
    4.3733
    6.6667
    9.3600
   12.4133
   15.7867
   19.4400
   23.3333
   27.4267
   31.6800
   36.0533
   40.5067
   45.0000
   49.4933
   53.9467
   58.3200
   62.5733
   66.6667
   70.5600
   74.2133
   77.5867
   80.6400
   83.3333
   85.6267
   87.4800
   88.8533
   89.7067
   90.0000
   90.0000
   90.0000
   90.0000
   90.0000
   90.0000
   90.0000
   90.0000
   90.0000
   90.0000
   90.0000
   90.0000
   90.0000
   90.0000
   90.0000
   90.0000
   90.0000
   90.0000
   90.0000
   90.0000
   90.0000
   90.0000
   90.0000
   90.0000
   90.0000
   90.0000
   90.0000
   89.7067
   88.8533
   87.4800
   85.6267
   83.3333
   80.6400
   77.5867
   74.2133
   70.5600
   66.6667
   62.5733
   58.3200
   53.9467
   49.4933
   45.0000
   40.5067
   36.0533
   31.6800
   27.4267
   23.3333
   19.4400
   15.7867
   12.4133
    9.3600
    6.6667
    4.3733
    2.5200
    1.1467
    0.2933
         0
         0
         0
         0
         0
         0
         0
    0.2933
    1.1467
    2.5200
    4.3733
    6.6667
    9.3600
   12.4133
   15.7867
   19.4400
   23.3333
   27.4267
   31.6800
   36.0533
   40.5067
   45.0000
   49.4933
   53.9467
   58.3200
   62.5733
   66.6667
   70.5600
   74.2133
   77.5867
   80.6400
   83.3333
   85.6267
   87.4800
   88.8533
   89.7067
   90.0000
   90.0000
   90.0000
   90.0000
   90.0000
   90.0000
   90.0000
   90.0000
   90.0000
   90.0000
   90.0000
   90.0000
   90.0000
   90.0000
   90.0000
   90.0000
   90.0000
   90.0000
   90.0000
   90.0000
   90.0000
   90.0000
   90.0000
   90.0000
   90.0000
   90.0000
   90.0000
   89.7067
   88.8533
   87.4800
   85.6267
   83.3333
   80.6400
   77.5867
   74.2133
   70.5600
   66.6667
   62.5733
   58.3200
   53.9467
   49.4933
   45.0000
   40.5067
   36.0533
   31.6800
   27.4267
   23.3333
   19.4400
   15.7867
   12.4133
    9.3600
    6.6667
    4.3733
    2.5200
    1.1467
    0.2933
         0
         0
         0
         0
         0
         0
         0
         0
         0
         0
         0
         0
         0
         0
         0
         0
         0
         0
         0
         0
         0
         0
         0
         0
         0
         0
         0
         0
         0
         0
         0
         0
         0
         0
         0
         0
         0
         0
         0
         0
         0
         0
         0
         0
         0
         0
         0
         0
         0
         0
         0
         0
         0
         0
         0
         0
         0
         0
         0
         0
         0
         0
         0
         0
         0
         0
         0
         0
         0
         0
         0
         0
         0
         0
         0
         0
         0
         0
         0
         0
         0
         0
         0
         0
         0
         0
         0
         0
         0
         0
         0
         0
         0
         0
         0
         0
         0
         0
         0
         0
         0
         0
         0
         0
         0
         0
         0
         0
         0
         0
         0
         0
         0
         0
         0
         0
         0
         0
         0
         0
         0
         0
         0
         0
         0
         0
         0
         0
         0
         0
         0
         0
         0
         0
         0
         0
         0
         0
         0
         0
         0
         0
         0
         0
         0
         0
         0
         0
         0
         0
         0
         0
         0
         0
         0
         0
         0
         0
         0
         0
         0
         0
         0
         0
         0
         0
         0
         0
         0
         0
         0
         0
         0
         0
         0
         0
         0
         0
         0
         0
         0
